
Type Ht_backup:
Time 0:
+0.0000 +0.0000 +0.0000 +0.0000 +0.0000 +0.0000 +0.0000 +0.0000 +0.0000 +0.0000 +0.0000 +0.0000 +0.0000 +0.0000 +0.0000 +0.0000 

Time 1:
+0.0000 +0.0000 +0.0000 +0.0000 +0.0000 +0.0000 +0.0000 +0.0000 +0.0000 +0.0000 +0.0000 +0.0000 +0.0000 +0.0000 +0.0000 +0.0000 

Time 2:
+0.3384 +0.3602 +0.3944 +0.3670 +0.3202 +0.3655 +0.4127 +0.4075 +0.3845 +0.3423 +0.3358 +0.3437 +0.3638 +0.3649 +0.3467 +0.3790 

Time 3:
+0.2811 +0.3775 +0.1242 +0.2682 +0.0145 +0.2364 +0.1424 +0.4977 +0.0901 +0.1710 +0.1270 +0.0922 +0.4643 +0.2973 +0.4362 +0.4680 

Time 4:
+0.4713 +0.6599 +0.4882 +0.0779 +0.5991 +0.0501 +0.8004 +0.5767 +0.4616 -0.0402 +0.6847 +0.7152 -0.1863 +0.7071 +0.3039 +0.6293 

Time 5:
+0.4788 +0.7591 +0.3151 +0.3296 +0.2878 -0.2268 +0.2394 +0.7120 -0.0985 +0.1477 +0.4786 +0.3241 +0.4478 +0.6749 +0.5140 +0.7248 


Type Xt:
Time 0:
+0.0000 +0.0000 

Time 1:
+0.0000 +1.0000 

Time 2:
+1.0000 +0.0000 

Time 3:
+1.0000 +1.0000 


Type Yt:
Time 0:
+0.0000 +1.0000 +0.0000 +0.0000 +0.0000 +0.0000 +0.0000 +0.0000 +0.0000 +0.0000 +0.0000 +0.0000 +0.0000 +0.0000 +0.0000 +0.0000 

Time 1:
+1.0000 +0.0000 +0.0000 +0.0000 +0.0000 +0.0000 +0.0000 +0.0000 +0.0000 +0.0000 +0.0000 +0.0000 +0.0000 +0.0000 +0.0000 +0.0000 

Time 2:
+1.0000 +1.0000 +0.0000 +0.0000 +0.0000 +0.0000 +0.0000 +0.0000 +0.0000 +0.0000 +0.0000 +0.0000 +0.0000 +0.0000 +0.0000 +0.0000 

Time 3:
+0.0000 +0.0000 +0.0000 +0.0000 +0.0000 +0.0000 +0.0000 +0.0000 +0.0000 +0.0000 +0.0000 +0.0000 +0.0000 +0.0000 +0.0000 +0.0000 


Type Ht:
Time 0:
+0.0000 +0.0000 +0.0000 +0.0000 +0.0000 +0.0000 +0.0000 +0.0000 +0.0000 +0.0000 +0.0000 +0.0000 +0.0000 +0.0000 +0.0000 +0.0000 

Time 1:
+0.0000 +0.0000 +0.0000 +0.0000 +0.0000 +0.0000 +0.0000 +0.0000 +0.0000 +0.0000 +0.0000 +0.0000 +0.0000 +0.0000 +0.0000 +0.0000 


Type Zt:
Time 0:
+0.0000 +0.0000 +0.0000 +0.0000 +0.0000 +0.0000 +0.0000 +0.0000 +0.0000 +0.0000 +0.0000 +0.0000 +0.0000 +0.0000 +0.0000 +0.0000 

Time 1:
+0.0000 +0.0000 +0.0000 +0.0000 +0.0000 +0.0000 +0.0000 +0.0000 +0.0000 +0.0000 +0.0000 +0.0000 +0.0000 +0.0000 +0.0000 +0.0000 


Type It:
Time 0:
+0.0000 +0.0000 +0.0000 +0.0000 +0.0000 +0.0000 +0.0000 +0.0000 +0.0000 +0.0000 +0.0000 +0.0000 +0.0000 +0.0000 +0.0000 +0.0000 

Time 1:
+0.0000 +0.0000 +0.0000 +0.0000 +0.0000 +0.0000 +0.0000 +0.0000 +0.0000 +0.0000 +0.0000 +0.0000 +0.0000 +0.0000 +0.0000 +0.0000 


Type Ft:
Time 0:
+0.0000 +0.0000 +0.0000 +0.0000 +0.0000 +0.0000 +0.0000 +0.0000 +0.0000 +0.0000 +0.0000 +0.0000 +0.0000 +0.0000 +0.0000 +0.0000 

Time 1:
+0.0000 +0.0000 +0.0000 +0.0000 +0.0000 +0.0000 +0.0000 +0.0000 +0.0000 +0.0000 +0.0000 +0.0000 +0.0000 +0.0000 +0.0000 +0.0000 


Type Ot:
Time 0:
+0.0000 +0.0000 +0.0000 +0.0000 +0.0000 +0.0000 +0.0000 +0.0000 +0.0000 +0.0000 +0.0000 +0.0000 +0.0000 +0.0000 +0.0000 +0.0000 

Time 1:
+0.0000 +0.0000 +0.0000 +0.0000 +0.0000 +0.0000 +0.0000 +0.0000 +0.0000 +0.0000 +0.0000 +0.0000 +0.0000 +0.0000 +0.0000 +0.0000 


Type Ct:
Time 0:
+0.0000 +0.0000 +0.0000 +0.0000 +0.0000 +0.0000 +0.0000 +0.0000 +0.0000 +0.0000 +0.0000 +0.0000 +0.0000 +0.0000 +0.0000 +0.0000 

Time 1:
+0.0000 +0.0000 +0.0000 +0.0000 +0.0000 +0.0000 +0.0000 +0.0000 +0.0000 +0.0000 +0.0000 +0.0000 +0.0000 +0.0000 +0.0000 +0.0000 


Type Wz:
Time 0:
+0.6804 -0.2112 +0.5662 +0.5969 +0.8233 -0.6049 -0.3296 +0.5365 -0.4445 +0.1079 -0.0452 +0.2577 -0.2704 +0.0268 +0.9045 +0.8324 
+0.2714 +0.4346 -0.7168 +0.2139 -0.9674 -0.5142 -0.7255 +0.6084 -0.6866 -0.1981 -0.7404 -0.7824 +0.9978 -0.5635 +0.0259 +0.6782 


Type Wi:
Time 0:
+0.2253 -0.4079 +0.2751 +0.0486 -0.0128 +0.9456 -0.4150 +0.5427 +0.0535 +0.5398 -0.1995 +0.7831 -0.4334 -0.2951 +0.6154 +0.8381 
-0.8605 +0.8987 +0.0520 -0.8279 -0.6156 +0.3265 +0.7805 -0.3022 -0.8717 -0.9600 -0.0846 -0.8738 -0.5234 +0.9413 +0.8044 +0.7018 


Type Wf:
Time 0:
-0.4667 +0.0795 -0.2496 +0.5205 +0.0251 +0.3354 +0.0632 -0.9214 -0.1247 +0.8637 +0.8616 +0.4419 -0.4314 +0.4771 +0.2800 -0.2919 
+0.3757 -0.6681 -0.1198 +0.7602 +0.6584 -0.3393 -0.5421 +0.7867 -0.2993 +0.3733 +0.9129 +0.1773 +0.3146 +0.7174 -0.1209 +0.8479 


Type Wo:
Time 0:
-0.2031 +0.6295 +0.3684 +0.8219 -0.0350 -0.5684 +0.9005 +0.8403 -0.7047 +0.7621 +0.2822 -0.1361 +0.2392 -0.4379 +0.5720 -0.3851 
-0.1059 -0.5478 -0.6249 -0.4475 +0.1129 -0.1670 -0.6608 +0.8136 -0.7937 -0.7478 -0.0091 +0.5210 +0.9695 +0.8700 +0.3689 -0.2336 


Type Rz:
Time 0:
+0.4995 -0.2627 -0.4117 -0.5355 +0.1690 -0.5112 -0.6952 +0.4643 -0.7491 +0.5869 -0.6718 +0.4901 -0.8509 +0.9002 -0.8949 +0.0431 
-0.6476 -0.5199 +0.5956 +0.4653 +0.3131 +0.9348 +0.2789 +0.5195 -0.8130 -0.7302 +0.0404 -0.8435 -0.8602 -0.5907 -0.0772 +0.6394 
+0.1466 +0.5112 -0.8961 -0.6844 +1.0000 -0.5913 +0.7799 -0.7491 +0.9956 -0.8919 +0.7411 -0.8553 -0.9917 +0.8461 +0.1878 -0.6393 
-0.6737 -0.2166 +0.8261 +0.6394 -0.2818 +0.1050 +0.1589 -0.0948 +0.3748 -0.8007 +0.0616 +0.5146 -0.3914 +0.9845 +0.1539 +0.7552 
+0.4956 +0.2578 -0.9292 +0.4956 +0.6665 +0.8508 +0.7465 +0.6621 +0.9589 +0.4876 +0.8067 +0.9672 +0.3338 -0.0055 -0.6721 +0.6600 
+0.7779 -0.8460 +0.2994 -0.5039 +0.2590 -0.5417 +0.4012 -0.3663 -0.3424 -0.5371 -0.8517 +0.2661 -0.5527 +0.3023 +0.0214 +0.9429 
-0.4399 +0.0922 +0.4385 -0.7734 -0.0570 +0.1851 +0.8886 -0.0982 -0.3273 +0.6954 -0.1310 -0.9935 -0.3101 +0.1970 +0.6665 -0.5322 
+0.3510 -0.0341 -0.0361 -0.3901 +0.4242 -0.6349 +0.2436 -0.9183 -0.1720 +0.3920 +0.3479 +0.2753 -0.3058 -0.6308 +0.2182 +0.2543 
+0.4615 -0.3433 +0.4809 -0.5956 +0.8418 +0.3695 +0.3063 -0.4855 +0.0649 -0.8247 -0.4790 +0.7548 +0.3722 -0.8125 -0.7774 -0.2768 
+0.1534 +0.1864 +0.3331 -0.4224 +0.5515 -0.4232 -0.3407 -0.6205 +0.9687 -0.9928 +0.6548 -0.3370 -0.6236 -0.1270 +0.9173 +0.8379 
+0.5297 +0.3982 -0.7577 +0.3716 -0.2323 +0.5485 +0.8861 +0.8325 +0.7238 -0.5929 +0.5873 +0.0961 -0.4054 +0.8099 +0.8193 +0.7480 
-0.0037 +0.1524 -0.6745 -0.4522 +0.7292 -0.0152 -0.0727 +0.6979 -0.0080 -0.4179 -0.6392 +0.3684 +0.4551 -0.7219 +0.2062 -0.0152 
+0.6763 +0.4485 -0.6436 -0.5561 -0.0029 -0.7575 -0.7235 -0.2791 -0.3504 +0.8638 +0.8170 +0.2442 +0.6737 +0.6363 -0.0079 -0.3301 
-0.2113 +0.3177 +0.2178 -0.4822 -0.6975 -0.8549 -0.7843 +0.2944 -0.2728 -0.4235 -0.3372 -0.8177 -0.1453 +0.8690 +0.1671 -0.4691 
+0.3175 +0.5236 -0.0251 -0.6855 +0.7661 +0.2513 +0.0354 -0.5843 +0.1151 -0.1476 +0.6599 -0.2112 -0.5113 -0.3480 +0.4587 +0.2773 
+0.9697 -0.3235 +0.7951 -0.7279 -0.1784 -0.9892 +0.5666 +0.5488 -0.4126 -0.7707 +0.7311 +0.4420 -0.9017 -0.1018 +0.9729 +0.4158 


Type Ri:
Time 0:
-0.5782 -0.0522 +0.7304 -0.8122 -0.8009 -0.2342 -0.3965 +0.3142 +0.6182 -0.7366 -0.8970 -0.8932 -0.0846 +0.5617 +0.3842 -0.1149 
-0.7618 +0.1793 +0.1573 +0.0598 +0.1901 -0.2762 -0.3914 +0.7774 -0.0468 -0.6604 +0.2195 +0.0515 +0.2379 +0.1924 -0.5327 +0.6596 
-0.8598 -0.8023 +0.8475 -0.6607 -0.0365 -0.5490 +0.6535 -0.4183 -0.2856 +0.7566 -0.3115 +0.6298 +0.3183 -0.9273 -0.4851 +0.5565 
+0.2519 +0.6722 -0.3837 -0.5580 -0.6040 +0.2249 -0.7805 +0.3492 +0.5645 +0.4389 -0.5993 -0.1976 -0.3687 -0.1320 -0.5380 -0.2285 
+0.0657 -0.6906 +0.1108 -0.9708 -0.2396 -0.2357 -0.3892 +0.4748 -0.4791 +0.2993 +0.1046 +0.8392 +0.3720 +0.6196 +0.3957 -0.3761 
+0.2918 -0.9880 +0.0659 +0.6878 +0.2369 +0.2854 +0.0370 -0.1986 -0.2757 +0.4377 +0.6038 +0.3556 -0.6942 -0.9342 -0.8729 +0.3714 
-0.6248 +0.2379 +0.4006 +0.1357 -0.9977 -0.9886 -0.3895 -0.4769 +0.3107 +0.7151 -0.6377 -0.3173 +0.3347 +0.7580 +0.3066 -0.3735 
+0.7700 -0.6275 -0.6857 +0.0069 +0.6579 +0.3513 +0.8083 -0.6178 -0.2110 +0.4121 +0.7378 +0.0948 +0.4779 +0.8650 -0.5338 +0.8532 
+0.1029 +0.8668 -0.0112 +0.1051 +0.8783 +0.5993 +0.6283 +0.1890 +0.3144 +0.9906 +0.8717 -0.3509 +0.7486 +0.1783 +0.2755 +0.5186 
+0.5508 +0.5898 -0.4744 +0.2088 -0.0589 -0.6661 +0.5910 +0.7302 +0.7460 +0.3288 -0.1750 +0.2240 +0.1938 +0.2912 +0.0771 -0.7033 
+0.1580 -0.9341 +0.4018 +0.0363 +0.6652 +0.0301 -0.7747 -0.0204 +0.0207 -0.9030 +0.6287 -0.2307 +0.2753 -0.0958 -0.7120 -0.1738 
-0.5059 -0.1865 -0.9651 +0.4352 +0.1474 +0.6259 +0.1654 -0.1065 -0.0453 +0.9903 -0.8826 -0.8515 +0.2815 +0.1946 -0.5548 -0.5604 
+0.2605 +0.8470 +0.4759 -0.0743 -0.1229 +0.7012 +0.9053 +0.8978 +0.7982 +0.5340 -0.3329 +0.0735 -0.5617 -0.0449 +0.8996 -0.0677 
+0.7686 +0.9346 -0.6325 -0.0839 +0.5604 +0.5329 +0.8096 -0.4848 +0.5232 +0.9270 -0.3363 -0.1952 +0.1216 +0.1089 +0.2443 -0.6179 
-0.0441 -0.2798 +0.3078 +0.8330 -0.5786 +0.2131 +0.7309 -0.7804 -0.2529 -0.6020 +0.2930 +0.1854 +0.3531 +0.1927 -0.8823 +0.1217 
+0.1272 -0.5147 -0.9622 -0.3123 -0.9819 +0.8474 +0.2029 +0.5414 +0.7744 +0.8665 -0.6539 -0.1040 -0.0246 +0.5905 +0.2780 +0.9314 


Type Rf:
Time 0:
-0.6893 -0.4142 +0.7644 -0.2679 +0.7989 +0.4953 -0.0484 -0.4540 +0.8933 -0.7553 +0.7314 +0.2464 +0.4373 +0.8491 -0.6319 -0.4354 
-0.6657 -0.5940 +0.2523 -0.6475 -0.7467 -0.5449 +0.8938 -0.9723 -0.6784 -0.7600 -0.0763 +0.2971 +0.8304 -0.7983 +0.2285 -0.8589 
-0.2125 -0.0071 -0.1268 -0.4136 -0.5119 +0.8248 +0.1323 -0.6186 -0.9306 -0.1363 +0.6278 +0.5068 -0.2872 +0.9959 -0.9287 +0.0471 
-0.5981 +0.3236 +0.3996 -0.3448 +0.7787 +0.2934 -0.3170 -0.8997 +0.5334 +0.6067 +0.3974 +0.3638 +0.8084 -0.3741 +0.5050 -0.4041 
+0.6187 -0.6219 +0.1822 -0.8931 -0.7971 -0.6854 -0.5117 -0.7277 +0.1782 -0.8839 +0.7791 +0.8910 -0.8880 +0.8504 -0.0619 -0.4861 
+0.1740 -0.6623 +0.1692 -0.0473 +0.6311 +0.8521 +0.0530 +0.1645 +0.4588 -0.5495 -0.4717 +0.2672 +0.0764 -0.9667 +0.8630 -0.3049 
-0.5886 +0.0453 -0.1980 -0.3857 +0.3598 +0.2903 -0.1133 -0.4620 +0.4064 -0.3342 -0.5710 +0.5184 -0.4838 +0.3671 -0.9676 +0.6902 
+0.7048 +0.2015 -0.3570 +0.3359 +0.0537 +0.6960 -0.4996 -0.4875 -0.8535 +0.0288 +0.7796 +0.2228 +0.0621 +0.6427 +0.9179 +0.4735 
-0.3121 -0.2801 -0.9122 -0.9523 -0.9898 -0.0255 -0.4142 +0.4165 +0.6403 +0.0148 -0.0651 -0.8435 -0.6180 -0.0327 +0.8468 -0.9132 
-0.8312 -0.5103 +0.4227 +0.2225 -0.8143 +0.9231 +0.7349 -0.6678 -0.0481 +0.5146 +0.5550 -0.9860 +0.1572 +0.4729 +0.4875 +0.8451 
-0.8072 +0.5753 +0.8929 -0.7970 -0.4502 -0.5214 +0.6195 -0.8099 +0.4935 -0.4456 -0.6534 +0.8754 +0.5217 -0.8066 +0.9622 +0.6905 
-0.3169 +0.3849 -0.0870 -0.1312 +0.3081 -0.3520 +0.2010 -0.7400 -0.8375 -0.2440 -0.7261 +0.3198 -0.7711 +0.7614 +0.1649 -0.5783 
+0.3367 +0.0578 -0.3753 +0.8864 +0.5364 -0.7558 -0.9235 +0.0299 -0.2014 -0.5769 -0.0947 -0.6797 -0.3835 -0.1325 -0.9891 +0.2996 
-0.7476 -0.0761 -0.8316 +0.5605 +0.5719 +0.3694 +0.8205 +0.7344 -0.8747 -0.9056 +0.0541 -0.6457 +0.8557 -0.7810 -0.2240 +0.1924 
+0.2768 +0.4007 +0.0788 -0.1868 +0.6449 +0.1554 +0.8431 -0.5565 +0.5785 -0.2516 -0.2362 -0.8050 +0.6159 -0.2254 +0.4946 +0.8684 
+0.6985 +0.6629 +0.4289 +0.2704 +0.0323 +0.2493 +0.0048 +0.1576 +0.3437 -0.9410 +0.5119 +0.1994 -0.7220 -0.7121 -0.6082 +0.5548 


Type Ro:
Time 0:
+0.6886 +0.4706 -0.6319 +0.3334 -0.3740 -0.7888 +0.7769 -0.7955 -0.0404 -0.4594 -0.6006 -0.4245 +0.3153 +0.8940 -0.5562 +0.0138 
+0.5569 +0.8727 -0.7158 -0.4108 +0.1220 +0.2890 +0.7468 -0.5343 +0.3480 +0.2587 +0.6651 +0.6260 +0.5466 -0.9431 +0.1808 +0.2352 
+0.5275 +0.5489 -0.4314 -0.8465 +0.7600 -0.6546 -0.6420 -0.2804 -0.1139 -0.2426 +0.2950 -0.7986 -0.3486 +0.7389 +0.2152 -0.7917 
+0.6116 +0.4994 -0.2024 -0.2664 -0.2115 -0.4556 +0.1993 -0.8635 +0.8031 -0.1356 +0.7625 +0.3497 -0.0787 -0.0567 -0.4151 -0.5512 
-0.5079 +0.1534 -0.3977 -0.7478 +0.4989 -0.0397 -0.0283 -0.6150 +0.7177 -0.7332 -0.4137 -0.6308 -0.9943 +0.8015 -0.4225 +0.6172 
+0.3010 +0.3751 -0.6492 -0.9105 +0.9194 +0.5501 -0.7741 +0.7225 -0.5855 +0.9884 +0.0722 +0.3358 -0.0683 +0.6571 +0.7846 +0.4238 
-0.1895 -0.6130 +0.6760 -0.6906 +0.3473 -0.3523 -0.3056 +0.0650 -0.0855 +0.2807 +0.4342 -0.0799 +0.0823 -0.9883 -0.4626 -0.6167 
+0.3867 -0.1118 -0.5273 +0.3062 -0.5617 -0.3014 +0.0287 -0.1472 -0.3130 -0.8991 -0.8114 +0.6187 +0.7580 +0.9733 +0.0425 -0.4314 
-0.6397 -0.2815 -0.1220 +0.7076 +0.3662 +0.5724 -0.2274 -0.7193 -0.1469 -0.7932 +0.2008 +0.9354 -0.7815 +0.7382 -0.6814 +0.6052 
-0.3736 -0.2086 -0.0886 +0.0647 +0.4900 +0.9401 +0.9175 -0.8229 -0.9590 -0.8939 +0.7958 +0.7990 -0.9206 -0.1617 -0.6324 -0.5603 
+0.5568 +0.2456 -0.8527 -0.0770 -0.1820 -0.0801 +0.2037 +0.6711 +0.1267 -0.5955 +0.6065 +0.3451 -0.8574 +0.9251 -0.0497 -0.2310 
-0.2835 +0.8617 +0.8337 -0.7935 +0.8018 +0.7512 -0.6165 +0.8428 +0.8574 -0.8207 +0.6419 +0.9368 +0.0176 -0.9905 -0.6235 -0.4256 
+0.2550 -0.4762 +0.4974 -0.9270 +0.4436 -0.2990 +0.7441 -0.4297 +0.1055 +0.3505 +0.9154 +0.2481 +0.2756 -0.1343 -0.9829 +0.9921 
-0.2725 +0.8508 -0.8014 -0.4708 +0.6020 -0.4179 -0.6279 +0.4594 -0.2386 -0.9861 +0.3962 +0.7790 -0.9766 +0.7727 -0.6466 +0.2784 
-0.7035 +0.8508 +0.3514 +0.7401 -0.4482 +0.0954 -0.6896 +0.6572 -0.5540 -0.7742 -0.0946 +0.7216 +0.0916 -0.0775 +0.7137 +0.8190 
-0.2267 +0.9122 -0.6517 -0.6246 -0.5057 -0.2797 +0.8348 +0.2558 -0.2658 +0.2310 +0.0348 -0.2424 +0.0037 +0.3882 -0.9640 +0.3001 


Type Pi:
Time 0:
+0.2389 +0.3874 +0.0402 +0.7907 -0.5172 +0.3506 +0.4480 -0.0712 +0.5765 -0.6467 -0.3496 -0.3320 +0.2758 -0.6360 -0.5129 -0.9508 


Type Pf:
Time 0:
-0.7238 -0.1647 -0.5755 -0.2294 +0.5557 -0.7407 -0.9737 -0.7101 +0.4903 +0.0611 +0.0475 -0.5060 -0.5507 +0.0835 +0.7941 +0.6882 


Type Po:
Time 0:
-0.5291 -0.1657 +0.4789 -0.0463 -0.8150 -0.0731 +0.8825 +0.7615 +0.2802 -0.4672 -0.5705 -0.4440 -0.1032 -0.0835 -0.3948 +0.1731 


Type Bz:
Time 0:
+1.0000 +1.0000 +1.0000 +1.0000 +1.0000 +1.0000 +1.0000 +1.0000 +1.0000 +1.0000 +1.0000 +1.0000 +1.0000 +1.0000 +1.0000 +1.0000 


Type Bi:
Time 0:
+1.0000 +1.0000 +1.0000 +1.0000 +1.0000 +1.0000 +1.0000 +1.0000 +1.0000 +1.0000 +1.0000 +1.0000 +1.0000 +1.0000 +1.0000 +1.0000 


Type Bf:
Time 0:
+1.0000 +1.0000 +1.0000 +1.0000 +1.0000 +1.0000 +1.0000 +1.0000 +1.0000 +1.0000 +1.0000 +1.0000 +1.0000 +1.0000 +1.0000 +1.0000 


Type Bo:
Time 0:
+1.0000 +1.0000 +1.0000 +1.0000 +1.0000 +1.0000 +1.0000 +1.0000 +1.0000 +1.0000 +1.0000 +1.0000 +1.0000 +1.0000 +1.0000 +1.0000 


Type DHt:
Time 0:
+0.0000 +0.0000 +0.0000 +0.0000 +0.0000 +0.0000 +0.0000 +0.0000 +0.0000 +0.0000 +0.0000 +0.0000 +0.0000 +0.0000 +0.0000 +0.0000 

Time 1:
+0.0000 +0.0000 +0.0000 +0.0000 +0.0000 +0.0000 +0.0000 +0.0000 +0.0000 +0.0000 +0.0000 +0.0000 +0.0000 +0.0000 +0.0000 +0.0000 


Type DOt:
Time 0:
+0.0000 +0.0000 +0.0000 +0.0000 +0.0000 +0.0000 +0.0000 +0.0000 +0.0000 +0.0000 +0.0000 +0.0000 +0.0000 +0.0000 +0.0000 +0.0000 

Time 1:
+0.0000 +0.0000 +0.0000 +0.0000 +0.0000 +0.0000 +0.0000 +0.0000 +0.0000 +0.0000 +0.0000 +0.0000 +0.0000 +0.0000 +0.0000 +0.0000 


Type DCt:
Time 0:
+0.0000 +0.0000 +0.0000 +0.0000 +0.0000 +0.0000 +0.0000 +0.0000 +0.0000 +0.0000 +0.0000 +0.0000 +0.0000 +0.0000 +0.0000 +0.0000 

Time 1:
+0.0000 +0.0000 +0.0000 +0.0000 +0.0000 +0.0000 +0.0000 +0.0000 +0.0000 +0.0000 +0.0000 +0.0000 +0.0000 +0.0000 +0.0000 +0.0000 


Type DFt:
Time 0:
+0.0000 +0.0000 +0.0000 +0.0000 +0.0000 +0.0000 +0.0000 +0.0000 +0.0000 +0.0000 +0.0000 +0.0000 +0.0000 +0.0000 +0.0000 +0.0000 

Time 1:
+0.0000 +0.0000 +0.0000 +0.0000 +0.0000 +0.0000 +0.0000 +0.0000 +0.0000 +0.0000 +0.0000 +0.0000 +0.0000 +0.0000 +0.0000 +0.0000 


Type DIt:
Time 0:
+0.0000 +0.0000 +0.0000 +0.0000 +0.0000 +0.0000 +0.0000 +0.0000 +0.0000 +0.0000 +0.0000 +0.0000 +0.0000 +0.0000 +0.0000 +0.0000 

Time 1:
+0.0000 +0.0000 +0.0000 +0.0000 +0.0000 +0.0000 +0.0000 +0.0000 +0.0000 +0.0000 +0.0000 +0.0000 +0.0000 +0.0000 +0.0000 +0.0000 


Type DZt:
Time 0:
+0.0000 +0.0000 +0.0000 +0.0000 +0.0000 +0.0000 +0.0000 +0.0000 +0.0000 +0.0000 +0.0000 +0.0000 +0.0000 +0.0000 +0.0000 +0.0000 

Time 1:
+0.0000 +0.0000 +0.0000 +0.0000 +0.0000 +0.0000 +0.0000 +0.0000 +0.0000 +0.0000 +0.0000 +0.0000 +0.0000 +0.0000 +0.0000 +0.0000 


Type DWz:
Time 0:
-0.0097 +1.0073 -0.2707 +0.3013 -0.0749 -1.3197 -2.2541 -0.1246 -0.3615 +1.0405 +0.0071 -1.8012 -2.0088 -0.0583 -0.0119 +0.0121 
+0.1490 +0.6329 +0.0643 +0.1517 -1.1889 -1.2222 -2.5573 +0.0665 -0.8600 +0.5030 -0.1008 -2.8091 -1.6395 -0.2601 -0.2188 +0.1305 


Type DWi:
Time 0:
-0.2303 +0.4662 -0.2614 +0.0254 -0.2572 +0.0524 -0.1056 -0.1094 +0.0215 +0.0014 +0.0404 -0.4215 +0.0774 -0.1261 -0.2258 +0.1645 
+0.0662 +0.2770 -0.1478 -0.0623 -0.2584 -0.1195 -0.0367 +0.1582 -0.0703 +0.0554 -0.0107 -0.3963 -0.2632 -0.0159 -0.1394 +0.1523 


Type DWf:
Time 0:
-0.2145 +0.6533 -0.2530 +0.0168 -0.0799 -0.0721 -0.6790 -0.1013 -0.0965 +0.0519 +0.0019 -0.5693 -0.0372 -0.0382 -0.1140 +0.1626 
-0.0791 +0.4882 -0.1831 -0.0260 -0.2201 -0.2274 -0.7092 -0.0069 -0.2619 +0.0127 -0.0096 -0.7935 +0.1052 -0.0250 -0.1434 +0.0872 


Type DWo:
Time 0:
+0.6489 -0.3309 -0.2632 +0.2130 -1.0235 -0.1658 -0.0618 +0.0042 -0.3465 +0.0904 -0.2255 -0.3008 -0.2557 +0.1132 +0.6139 -0.3364 
+0.4187 -0.7294 -0.1571 +0.1311 -0.3051 -0.1730 -0.0385 +0.1550 +0.2365 +0.0863 -0.0270 -0.1013 -0.1468 -0.0959 +0.4372 +0.1866 


Type DRz:
Time 0:
+0.0485 +0.4213 -0.0245 +0.1029 -0.4123 -0.7686 -1.1766 -0.0061 -0.3673 +0.3989 -0.0316 -1.2235 -0.8812 -0.1048 -0.0765 +0.0475 
+0.0504 +0.5683 -0.0634 +0.1510 -0.4508 -0.9301 -1.6028 -0.0197 -0.4330 +0.5405 -0.0334 -1.5693 -1.2238 -0.1159 -0.0828 +0.0515 
+0.0577 +0.3592 -0.0021 +0.0904 -0.4760 -0.6428 -1.2224 +0.0121 -0.3789 +0.3146 -0.0388 -1.2838 -0.8472 -0.1099 -0.0876 +0.0530 
+0.0552 +0.2164 +0.0632 +0.0118 -0.4148 -0.7423 -0.3305 +0.0150 -0.3172 +0.2239 -0.0333 -0.6359 -0.2443 -0.1125 -0.0800 +0.0508 
+0.0461 +0.3530 -0.0366 +0.1121 -0.4015 -0.4391 -1.4269 +0.0081 -0.3259 +0.2899 -0.0330 -1.3423 -0.9794 -0.0834 -0.0719 +0.0421 
+0.0552 +0.1862 +0.0706 +0.0032 -0.4110 -0.6991 -0.2669 +0.0186 -0.3053 +0.1924 -0.0333 -0.5830 -0.1868 -0.1103 -0.0793 +0.0503 
+0.0587 +0.5306 -0.0614 +0.1604 -0.5197 -0.7189 -1.9103 -0.0008 -0.4484 +0.4613 -0.0414 -1.8025 -1.3572 -0.1150 -0.0935 +0.0557 
+0.0577 +0.5906 -0.0424 +0.1383 -0.4972 -1.1193 -1.4492 -0.0207 -0.4741 +0.5815 -0.0365 -1.5235 -1.1396 -0.1359 -0.0930 +0.0590 
+0.0565 +0.3274 +0.0030 +0.0825 -0.4630 -0.5874 -1.1580 +0.0149 -0.3610 +0.2815 -0.0381 -1.2219 -0.7904 -0.1053 -0.0851 +0.0513 
+0.0524 +0.1047 +0.0871 -0.0204 -0.3783 -0.5841 -0.0563 +0.0253 -0.2614 +0.1120 -0.0315 -0.3972 -0.0145 -0.1004 -0.0734 +0.0464 
+0.0476 +0.4544 -0.0575 +0.1388 -0.4254 -0.6021 -1.6279 -0.0030 -0.3728 +0.3965 -0.0337 -1.5218 -1.1625 -0.0942 -0.0764 +0.0455 
+0.0487 +0.4538 -0.0591 +0.1424 -0.4364 -0.5720 -1.6946 -0.0006 -0.3768 +0.3890 -0.0349 -1.5717 -1.1979 -0.0940 -0.0781 +0.0461 
+0.0553 +0.1772 +0.1019 -0.0319 -0.3915 -0.9477 +0.2303 +0.0101 -0.3070 +0.2297 -0.0300 -0.2597 +0.1021 -0.1243 -0.0788 +0.0525 
+0.0512 +0.5535 -0.0661 +0.1550 -0.4595 -0.8432 -1.7010 -0.0147 -0.4290 +0.5122 -0.0348 -1.6314 -1.2677 -0.1121 -0.0837 +0.0512 
+0.0501 +0.4129 +0.0006 +0.0768 -0.4090 -0.9476 -0.8275 -0.0106 -0.3738 +0.4222 -0.0303 -1.0047 -0.6743 -0.1168 -0.0780 +0.0503 
+0.0531 +0.5995 -0.0585 +0.1498 -0.4693 -1.0573 -1.5504 -0.0237 -0.4578 +0.5839 -0.0342 -1.5645 -1.2114 -0.1264 -0.0871 +0.0550 


Type DRi:
Time 0:
-0.0185 +0.1939 -0.0985 -0.0184 -0.1236 -0.0276 -0.0390 +0.0330 -0.0233 +0.0172 +0.0082 -0.2131 -0.0524 -0.0409 -0.0985 +0.0965 
-0.0506 +0.2595 -0.1388 -0.0152 -0.1712 -0.0242 -0.0515 +0.0211 -0.0201 +0.0195 +0.0116 -0.2811 -0.0578 -0.0533 -0.1291 +0.1163 
+0.0024 +0.1608 -0.0856 -0.0223 -0.1265 -0.0410 -0.0270 +0.0509 -0.0262 +0.0216 +0.0009 -0.2005 -0.0911 -0.0219 -0.0805 +0.0802 
+0.0522 +0.1104 -0.0305 -0.0329 -0.0280 -0.0369 -0.0302 +0.0670 -0.0409 +0.0135 +0.0087 -0.1100 -0.0199 -0.0399 -0.0661 +0.0952 
-0.0247 +0.1506 -0.0956 -0.0116 -0.1509 -0.0341 -0.0188 +0.0309 -0.0123 +0.0212 -0.0037 -0.2035 -0.1097 -0.0068 -0.0696 +0.0534 
+0.0586 +0.0963 -0.0229 -0.0335 -0.0208 -0.0383 -0.0269 +0.0698 -0.0413 +0.0135 +0.0074 -0.0974 -0.0225 -0.0358 -0.0591 +0.0898 
-0.0450 +0.2319 -0.1395 -0.0147 -0.2031 -0.0387 -0.0353 +0.0329 -0.0168 +0.0262 +0.0006 -0.2890 -0.1222 -0.0244 -0.1098 +0.0884 
-0.0348 +0.2764 -0.1350 -0.0227 -0.1533 -0.0268 -0.0607 +0.0326 -0.0303 +0.0190 +0.0168 -0.2837 -0.0357 -0.0694 -0.1423 +0.1411 
+0.0068 +0.1458 -0.0782 -0.0221 -0.1194 -0.0414 -0.0234 +0.0519 -0.0256 +0.0213 -0.0004 -0.1869 -0.0929 -0.0175 -0.0729 +0.0733 
+0.0723 +0.0591 -0.0021 -0.0337 +0.0025 -0.0390 -0.0191 +0.0734 -0.0411 +0.0121 +0.0050 -0.0602 -0.0212 -0.0272 -0.0410 +0.0754 
-0.0427 +0.1985 -0.1202 -0.0110 -0.1735 -0.0306 -0.0304 +0.0240 -0.0126 +0.0216 +0.0008 -0.2457 -0.1008 -0.0213 -0.0937 +0.0740 
-0.0434 +0.1965 -0.1219 -0.0106 -0.1806 -0.0327 -0.0282 +0.0251 -0.0117 +0.0228 -0.0008 -0.2495 -0.1114 -0.0170 -0.0916 +0.0699 
+0.0804 +0.1056 -0.0044 -0.0416 +0.0337 -0.0320 -0.0413 +0.0764 -0.0536 +0.0078 +0.0181 -0.0695 +0.0421 -0.0647 -0.0724 +0.1230 
-0.0515 +0.2490 -0.1392 -0.0138 -0.1817 -0.0274 -0.0457 +0.0222 -0.0176 +0.0212 +0.0080 -0.2819 -0.0776 -0.0433 -0.1217 +0.1049 
-0.0004 +0.1995 -0.0846 -0.0250 -0.0851 -0.0247 -0.0488 +0.0400 -0.0329 +0.0137 +0.0154 -0.1936 -0.0094 -0.0607 -0.1076 +0.1204 
-0.0477 +0.2777 -0.1417 -0.0183 -0.1653 -0.0235 -0.0588 +0.0237 -0.0247 +0.0189 +0.0155 -0.2894 -0.0417 -0.0651 -0.1407 +0.1328 


Type DRf:
Time 0:
+0.4176 +0.7688 +0.3794 +0.4739 +0.3936 +0.3824 +0.1436 +0.4602 +0.3757 +0.4992 +0.4761 +0.1317 +0.4785 +0.4594 +0.4090 +0.5525 
+0.6632 +1.1507 +0.6153 +0.7556 +0.6558 +0.6504 +0.2975 +0.7248 +0.6350 +0.7840 +0.7564 +0.3011 +0.7696 +0.7356 +0.6700 +0.8511 
+0.2625 +0.5767 +0.2184 +0.3067 +0.2208 +0.2166 -0.0293 +0.3023 +0.2024 +0.3268 +0.3115 -0.0519 +0.3467 +0.3005 +0.2466 +0.3694 
+0.3405 +0.4630 +0.3215 +0.3218 +0.2719 +0.2302 +0.2471 +0.3460 +0.2555 +0.3539 +0.3269 +0.1921 +0.2626 +0.3097 +0.2869 +0.3997 
+0.2131 +0.5585 +0.1652 +0.2810 +0.1951 +0.2123 -0.1199 +0.2622 +0.1798 +0.2899 +0.2846 -0.1199 +0.3663 +0.2795 +0.2210 +0.3207 
-0.2099 -0.1128 -0.2278 -0.2351 -0.2821 -0.3236 -0.2902 -0.2076 -0.2979 -0.2042 -0.2296 -0.3481 -0.2918 -0.2455 -0.2661 -0.1620 
+0.1333 +0.6312 +0.0719 +0.2323 +0.1176 +0.1338 -0.3084 +0.2018 +0.0965 +0.2495 +0.2356 -0.3040 +0.3196 +0.2239 +0.1462 +0.3009 
+0.6304 +1.1058 +0.5863 +0.7081 +0.6087 +0.5855 +0.2972 +0.6859 +0.5855 +0.7464 +0.7092 +0.2859 +0.6800 +0.6825 +0.6207 +0.8252 
-0.1459 +0.1429 -0.1887 -0.1070 -0.1892 -0.1923 -0.4239 -0.1092 -0.2067 -0.0888 -0.1020 -0.4477 -0.0636 -0.1115 -0.1629 -0.0504 
+0.1808 +0.2070 +0.1679 +0.1389 +0.1029 +0.0610 +0.1463 +0.1738 +0.0891 +0.1666 +0.1450 +0.0830 +0.0824 +0.1321 +0.1193 +0.1999 
+0.3860 +0.8135 +0.3344 +0.4731 +0.3768 +0.3917 +0.0109 +0.4451 +0.3593 +0.4872 +0.4755 +0.0179 +0.5473 +0.4656 +0.3999 +0.5307 
+0.2283 +0.6629 +0.1742 +0.3181 +0.2188 +0.2376 -0.1626 +0.2893 +0.2012 +0.3304 +0.3209 -0.1546 +0.4048 +0.3123 +0.2441 +0.3718 
+0.4969 +0.5264 +0.4948 +0.4411 +0.4116 +0.3378 +0.5296 +0.4822 +0.3949 +0.4870 +0.4458 +0.4524 +0.2948 +0.4200 +0.4164 +0.5450 
+0.5743 +1.0650 +0.5226 +0.6706 +0.5672 +0.5702 +0.1852 +0.6385 +0.5467 +0.6944 +0.6719 +0.1914 +0.7099 +0.6544 +0.5854 +0.7554 
+0.4767 +0.7782 +0.4492 +0.5099 +0.4410 +0.4066 +0.2812 +0.5070 +0.4222 +0.5459 +0.5117 +0.2539 +0.4520 +0.4882 +0.4493 +0.6104 
+0.6324 +1.1292 +0.5865 +0.7217 +0.6213 +0.6062 +0.2788 +0.6927 +0.5990 +0.7561 +0.7221 +0.2773 +0.7098 +0.6972 +0.6329 +0.8317 


Type DRo:
Time 0:
+0.2979 -0.2863 -0.0956 +0.0698 -0.3471 -0.0882 -0.0239 +0.0435 -0.0644 +0.0389 -0.0710 -0.1090 -0.1006 +0.0152 +0.2512 -0.0411 
+0.3820 -0.3596 -0.1394 +0.1096 -0.4732 -0.1160 -0.0338 +0.0521 -0.0703 +0.0570 -0.0941 -0.1448 -0.1384 +0.0165 +0.3529 -0.0649 
+0.2404 -0.3178 -0.0882 +0.0711 -0.2385 -0.0853 -0.0215 +0.0596 +0.0406 +0.0420 -0.0384 -0.0753 -0.0854 -0.0205 +0.2345 +0.0298 
+0.2290 -0.1552 -0.0094 -0.0242 -0.2215 -0.0441 -0.0064 +0.0199 -0.1829 -0.0032 -0.0647 -0.0808 -0.0438 +0.0545 +0.0646 -0.0582 
+0.1903 -0.3339 -0.1105 +0.1065 -0.1909 -0.0881 -0.0247 +0.0677 +0.1545 +0.0570 -0.0146 -0.0544 -0.0880 -0.0572 +0.2725 +0.0721 
+0.2087 -0.1455 -0.0020 -0.0299 -0.1901 -0.0392 -0.0046 +0.0199 -0.1705 -0.0056 -0.0576 -0.0715 -0.0363 +0.0505 +0.0470 -0.0474 
+0.3087 -0.4368 -0.1546 +0.1414 -0.3443 -0.1231 -0.0354 +0.0813 +0.1261 +0.0745 -0.0457 -0.1009 -0.1316 -0.0496 +0.3826 +0.0451 
+0.4354 -0.3433 -0.1250 +0.0832 -0.5365 -0.1154 -0.0321 +0.0428 -0.1803 +0.0453 -0.1199 -0.1691 -0.1407 +0.0523 +0.3301 -0.1129 
+0.2172 -0.3056 -0.0813 +0.0666 -0.2057 -0.0800 -0.0198 +0.0591 +0.0556 +0.0399 -0.0306 -0.0652 -0.0776 -0.0253 +0.2173 +0.0406 
+0.1563 -0.1063 +0.0192 -0.0472 -0.1155 -0.0242 +0.0004 +0.0159 -0.1539 -0.0137 -0.0422 -0.0493 -0.0159 +0.0455 -0.0041 -0.0299 
+0.2624 -0.3671 -0.1335 +0.1226 -0.2982 -0.1046 -0.0304 +0.0677 +0.1057 +0.0640 -0.0400 -0.0870 -0.1131 -0.0414 +0.3285 +0.0344 
+0.2532 -0.3821 -0.1378 +0.1296 -0.2820 -0.1067 -0.0311 +0.0727 +0.1379 +0.0676 -0.0329 -0.0811 -0.1134 -0.0523 +0.3375 +0.0514 
+0.2740 -0.0526 +0.0369 -0.0890 -0.2858 -0.0238 +0.0015 -0.0110 -0.3966 -0.0342 -0.1042 -0.1091 -0.0290 +0.1257 -0.0301 -0.1546 
+0.3537 -0.3808 -0.1451 +0.1216 -0.4289 -0.1176 -0.0344 +0.0609 -0.0025 +0.0631 -0.0774 -0.1294 -0.1359 -0.0061 +0.3631 -0.0290 
+0.3434 -0.2242 -0.0672 +0.0271 -0.4104 -0.0774 -0.0194 +0.0228 -0.2211 +0.0186 -0.1029 -0.1345 -0.0948 +0.0672 +0.1954 -0.1134 
+0.4238 -0.3527 -0.1363 +0.0988 -0.5302 -0.1182 -0.0340 +0.0458 -0.1416 +0.0519 -0.1135 -0.1647 -0.1446 +0.0398 +0.3512 -0.1010 


Type DPi:
Time 0:
-0.0576 +0.4134 -0.1814 -0.0493 -0.2594 -0.0583 -0.0534 +0.0463 -0.0244 +0.0187 +0.0005 -0.3918 +0.0491 -0.0540 -0.2187 +0.2140 


Type DPf:
Time 0:
+0.8265 +1.7703 +0.5258 +0.6121 +0.2822 -0.6885 -0.5474 +0.9247 -0.5889 +0.3674 +0.6355 -0.3974 +0.3214 +0.9424 +1.2349 +1.8455 


Type DPo:
Time 0:
+0.7131 -0.6480 -0.2811 -0.0039 -1.1512 +0.0091 -0.0212 +0.0516 -0.9369 -0.0141 -0.3710 -0.4190 +0.0469 +0.2950 +0.6675 -0.2777 


Type DBz:
Time 0:
+0.3751 +1.3549 -0.2342 -0.1791 -2.1285 -2.8292 -2.6554 +0.1857 -1.7869 +1.0768 -0.4043 -3.8182 -1.9850 -0.0617 -0.6311 +0.5358 


Type DBi:
Time 0:
+0.1092 +0.6458 -0.3526 -0.2663 -0.7301 -0.2726 -0.1313 +0.2153 -0.4455 +0.0262 -0.1202 -0.9335 -0.0585 -0.0159 -0.4816 +0.5001 


Type DBf:
Time 0:
-0.1187 +0.7449 -0.2083 -0.0142 -0.2202 -0.2934 -0.7424 -0.0255 -0.2725 +0.0748 -0.0072 -0.8131 -0.1036 -0.0641 -0.1848 +0.2399 


Type DBo:
Time 0:
+0.8661 -0.6254 -0.3559 -0.0673 -1.5193 -0.2735 -0.0357 +0.0620 -0.6442 -0.0083 -0.4991 -0.5609 -0.1037 +0.3608 +0.3646 -0.1537 

